%YAML:1.0
---
num_prefixes: 2
prefix-1: rs/color
prefix-2: pt/thermal
serial_number-1: "828112072653"
serial_number-2: ""
camera_matrix-1: !!opencv-matrix
   rows: 3
   cols: 3
   dt: d
   data: [ 9.0179355476133208e+02, 0., 6.3380530661772491e+02, 0.,
       9.0147668293543029e+02, 3.5896826618435529e+02, 0., 0., 1. ]
camera_matrix-2: !!opencv-matrix
   rows: 3
   cols: 3
   dt: d
   data: [ 9.2978729326893040e+02, 0., 6.6902456685889229e+02, 0.,
       9.2790615150574718e+02, 3.4325987337936357e+02, 0., 0., 1. ]
dist_coeffs-1: !!opencv-matrix
   rows: 5
   cols: 1
   dt: d
   data: [ 9.8908633717519859e-02, -2.3131927705650865e-01,
       -4.4676296114816586e-03, 1.6915815856958026e-03,
       -2.0162470859149326e-02 ]
dist_coeffs-2: !!opencv-matrix
   rows: 5
   cols: 1
   dt: d
   data: [ -3.5775873095572569e-01, 2.5817004124931864e-01,
       -1.8443313911064851e-03, 3.8459577808475334e-03,
       -2.7786084835933689e-02 ]
R: !!opencv-matrix
   rows: 3
   cols: 3
   dt: d
   data: [ 9.9908870295792773e-01, -1.1595965472322983e-02,
       -4.1076723416192139e-02, 1.2216781872994843e-02,
       9.9981442834282130e-01, 1.4894935991303881e-02,
       4.0896379577088714e-02, -1.5383187650226084e-02,
       9.9904496579243351e-01 ]
T: !!opencv-matrix
   rows: 3
   cols: 1
   dt: d
   data: [ 2.3513664651129400e-02, 2.2399437768314750e-02,
       -3.6208430823575141e-04 ]
resize_dims: [ 1280, 720 ]
sync_delay: 100
flags: 256
rms: 6.1186785528811178e+00
original_file: "extrinsics.calibration-green-small-v3"
