%YAML:1.0
---
num_prefixes: 2
prefix-1: rs/color
prefix-2: pt/thermal
serial_number-1: "827312072164"
serial_number-2: ""
camera_matrix-1: !!opencv-matrix
   rows: 3
   cols: 3
   dt: d
   data: [ 8.9928333291790352e+02, 0., 6.6429342736588558e+02, 0.,
       8.9914517934288551e+02, 3.3387521570826794e+02, 0., 0., 1. ]
camera_matrix-2: !!opencv-matrix
   rows: 3
   cols: 3
   dt: d
   data: [ 9.1461023805784293e+02, 0., 6.4037964523909852e+02, 0.,
       9.1409814121307022e+02, 3.5360978010236477e+02, 0., 0., 1. ]
dist_coeffs-1: !!opencv-matrix
   rows: 5
   cols: 1
   dt: d
   data: [ 9.1370747667301494e-02, -2.5667197363345257e-01,
       -7.8502472449883554e-03, 8.4189140055954109e-03,
       1.1384835666462134e-01 ]
dist_coeffs-2: !!opencv-matrix
   rows: 5
   cols: 1
   dt: d
   data: [ -3.5800279710223931e-01, 1.9102870710528636e-01,
       1.8474609006897999e-03, 4.3798427121874593e-03,
       -1.4620060276484086e-03 ]
R: !!opencv-matrix
   rows: 3
   cols: 3
   dt: d
   data: [ 9.9992787334807465e-01, -7.7218844664120735e-04,
       -1.1985483995222484e-02, 9.4192837353284254e-04,
       9.9989925676883396e-01, 1.4162947577135137e-02,
       1.1973340074348271e-02, -1.4173215518590625e-02,
       9.9982786472938812e-01 ]
T: !!opencv-matrix
   rows: 3
   cols: 1
   dt: d
   data: [ 3.1695192007832197e-02, 3.1202253685915647e-03,
       1.7319823742486463e-02 ]
resize_dims: [ 1280, 720 ]
sync_delay: 100
flags: 256
rms: 7.5980453406204500e+00
original_file: "extrinsics.calibration-blue-small-v2"
